0108693814003187214407404296172707031025008
0108693814003187214407404302172707031025008
0108693814003187214407404304172707031025008
0108693814003187214407404308172707031025008
0108693814003187214407404373172707031025008
0108693814003187214407404374172707031025008
0108693814003187214407404380172707031025008
0108693814003187214407404382172707031025008
0108693814003187214407404384172707031025008
0108693814003187214407404389172707031025008
0108693814003187214446805411172709041025009
0108693814003187214446805430172709041025009
0108693814003187214446805431172709041025009
0108693814003187214446805438172709041025009
0108693814003187214446805556172709041025009
0108693814003187214446805597172709041025009
0108693814003187214446805601172709041025009
0108693814003187214446805605172709041025009
0108693814003187214446805607172709041025009
0108693814003187214446805790172709041025009
0108693814003187214446805798172709041025009
0108693814003187214446805815172709041025009
0108693814003187214446805816172709041025009
0108693814003187214446805823172709041025009

kortac 500cc
0108693814003170214271703189172704111025005
0108693814003170214271703193172704111025005
0108693814003170214271703194172704111025005
0108693814003170214271703195172704111025005
0108693814003170214271703196172704111025005
0108693814003170214271703201172704111025005
0108693814003170214395900678172707031025008
0108693814003170214395900682172707031025008
0108693814003170214395900692172707031025008
0108693814003170214395900940172707031025008
0108693814003170214395900941172707031025008
0108693814003170214395900944172707031025008
0108693814003170214395900945172707031025008
0108693814003170214395900946172707031025008
0108693814003170214395900949172707031025008
0108693814003170214395900984172707031025008
0108693814003170214395900991172707031025008
0108693814003170214395900995172707031025008
0108693814003170214395901098172707031025008
0108693814003170214395901100172707031025008
0108693814003170214395901116172707031025008
0108693814003170214395901118172707031025008
0108693814003170214395901127172707031025008
0108693814003170214395901296172707031025008
0108693814003170214395901298172707031025008
0108693814003170214395901299172707031025008
0108693814003170214395901300172707031025008
0108693814003170214395901303172707031025008
0108693814003170214395901304172707031025008
0108693814003170214395901307172707031025008
0108693814003170214395901445172707031025008
0108693814003170214395901446172707031025008
0108693814003170214395901458172707031025008

koruma kaptan 

0108693814000711214090002975172701021025008
0108693814000711214090002973172701021025008

vefcover 

0108699321000053214180000881172702141025006
0108699321000053214180000883172702141025006
0108699321000053214180001016172702141025006
0108699321000053214180001022172702141025006
0108699321000053214180001025172702141025006
0108699321000053214180001026172702141025006
0108699321000053214180001029172702141025006
0108699321000053214180001202172702141025006
0108699321000053214180001210172702141025006
0108699321000053214180001219172702141025006
0108699321000053214180001225172702141025006
0108699321000053214180001238172702141025006
0108699321000053214180001239172702141025006

kungfu 500

0108693814003002214396202704172807281025009
0108693814003002214396202707172807281025009
0108693814003002214396202712172807281025009
0108693814003002214396202715172807281025009
0108693814003002214396202717172807281025009
0108693814003002214396202722172807281025009
0108693814003002214396202723172807281025009
0108693814003002214396203079172807281025009


kortac 250 
0108693814003163214314708813172705261025007
0108693814003163214314708819172705261025007
0108693814003163214314708837172705261025007
0108693814003163214314708934172705261025007
0108693814003163214314708938172705261025007
0108693814003163214314708945172705261025007
0108693814003163214314708948172705261025007
0108693814003163214314708954172705261025007
0108693814003163214314708956172705261025007
0108693814003163214314708957172705261025007
0108693814003163214314708958172705261025007
0108693814003163214314708959172705261025007
0108693814003163214314708966172705261025007
0108693814003163214314708973172705261025007
0108693814003163214314709014172705261025007
0108693814003163214314709018172705261025007
0108693814003163214314709026172705261025007
0108693814003163214314709030172705261025007
0108693814003163214314709032172705261025007
0108693814003163214314709043172705261025007
0108693814003163214314709045172705261025007
0108693814003163214314709051172705261025007
0108693814003163214314709054172705261025007
0108693814003163214314709055172705261025007
0108693814003163214314709061172705261025007
0108693814003163214314709064172705261025007
0108693814003163214314709065172705261025007
0108693814003163214314709069172705261025007
0108693814003163214314709077172705261025007
0108693814003163214314709087172705261025007
0108693814003163214314709091172705261025007

kungfu 250cc

0108693814002975213910308697172707251024004
0108693814002975213910308698172707251024004
0108693814002975213910308699172707251024004
0108693814002975213910308700172707251024004
0108693814002975213910308701172707251024004
0108693814002975213910308702172707251024004
0108693814002975213910308703172707251024004
0108693814002975213910308704172707251024004
0108693814002975213910308705172707251024004
0108693814002975213910308706172707251024004
0108693814002975213910308707172707251024004
0108693814002975213910308717172707251024004
0108693814002975213910309287172707251024004
0108693814002975213910309302172707251024004

helamacide

0108693814001268214289701237172705131025023
0108693814001268214289701238172705131025023
0108693814001268214289701239172705131025023
0108693814001268214289701240172705131025023
0108693814001268214289701241172705131025023
0108693814001268214289701243172705131025023
0108693814001268214289701244172705131025023
0108693814001268214289701246172705131025023
0108693814001268214289701252172705131025023
0108693814001268214289701158172705131025023
0108693814001268214289701159172705131025023
0108693814001268214289701161172705131025023
0108693814001268214289701163172705131025023
0108693814001268214289701164172705131025023
0108693814001268214289701165172705131025023
0108693814001268214289701169172705131025023
0108693814001268214289701173172705131025023
0108693814001268214289701174172705131025023
0108693814001268214289701175172705131025023

korquid 

0108693814008557214384802669172707241025004
0108693814008557214384802672172707241025004
0108693814008557214384802673172707241025004
0108693814008557214384802674172707241025004
0108693814008557214384802675172707241025004
0108693814008557214384802942172707241025004

tagula 
0108693814011632214360001198172707021025013
0108693814011632214360001200172707021025013
0108693814011632214360001201172707021025013
0108693814011632214360001203172707021025013

tokta süper

010868193700007721769524115328672518172703261020240307
010868193700007721769524115329672518172703261020240307
010868193700007721769524115332674520172703261020240307
010868193700007721769524115333674520172703261020240307
010868193700007721769524115334674521172703261020240307
010868193700007721769524115335674521172703261020240307
010868193700007721769524115336676522172703261020240307
010868193700007721769524115337676522172703261020240307
010868193700007721769524115340676524172703261020240307
010868193700007721769524115341678524172703261020240307
010868193700007721769524115342678525172703261020240307
010868193700007721769524115343678525172703261020240307
010868193700007721769524115344678526172703261020240307
010868193700007721769524115346680527172703261020240307
010868193700007721769524115349680528172703261020240307
010868193700007721769524115359684533172703261020240307
010868193700007721769524115361686534172703261020240307
010868193700007721769524115373690540172703261020240307
010868193700007721769524115375690541172703261020240307
010868193700007721769524115378692543172703261020240307
010868193700007721769524115379692543172703261020240307

korfosat 5
0108693814003538214750000026173005111026027
0108693814003538214750000027173005111026027
0108693814003538214750000082173005111026027


budsop

01086978371946622191000000065240172808051020260830
01086978371946622191000000065249172808051020260830
01086978371946622191000000065264172808051020260830
01086978371946622191000000065265172808051020260830
01086978371946622191000000065267172808051020260830




